Number of iterations:
20

Number of remaining nodes after this iteration:
4020 4014 3976 3800 3417 3107 2890 2661 2401 2151 1921 1651 1353 1020 739 509 248 83 26 11 11 

Nodes per Idea:
idea_2
433 283 465 186 194 234 253 323 327 343 352 377 382 410 421 506 524 532 543 551 561 579 53 78 118 125 127 135 136 142 149 156 159 164 177 182 187 190 197 218 235 247 249 261 267 282 284 286 288 289 292 301 308 314 325 326 332 354 355 359 367 370 378 381 391 396 407 413 417 422 423 426 427 443 453 471 472 473 489 494 495 500 502 504 508 533 534 541 557 563 575 590 600 601 608 610 612 613 617 626 629 630 631 632 634 654 663 680 705 12 27 28 32 38 40 42 48 61 63 74 77 86 87 88 89 102 106 111 117 120 121 137 138 141 144 148 150 153 157 163 170 178 179 183 185 188 193 195 196 203 207 209 211 213 214 217 220 225 236 238 245 246 252 257 262 270 271 272 277 278 285 294 299 300 302 303 306 309 316 317 319 322 328 330 331 333 336 337 341 342 344 347 353 356 361 362 366 369 372 380 383 384 387 389 390 395 399 400 401 405 412 418 424 428 429 430 431 444 446 451 461 466 475 484 488 499 503 510 511 513 518 522 538 540 542 546 547 550 553 554 555 559 562 564 566 569 574 580 581 587 588 589 596 607 609 618 621 635 642 643 646 648 649 650 652 658 664 668 669 670 671 676 677 679 682 684 690 691 692 694 700 715 718 728 729 730 733 738 748 754 759 763 764 765 769 777 778 780 805 815 816 6 7 11 14 18 19 20 37 39 49 52 59 67 73 80 81 82 83 98 105 107 108 116 119 124 132 143 147 151 162 169 172 173 174 175 181 184 191 208 210 212 219 228 237 239 248 258 263 265 266 290 305 318 321 351 371 411 425 432 438 440 441 442 452 460 479 485 486 487 493 501 509 512 523 531 537 539 548 565 611 616 620 633 644 653 655 661 662 667 678 688 689 698 699 703 706 708 711 717 725 726 731 732 739 740 741 742 749 751 756 757 760 766 767 768 770 771 773 776 779 783 790 794 804 806 808 817 818 819 821 825 826 831 833 834 840 841 842 843 845 847 849 850 856 862 863 864 865 866 872 873 874 875 876 887 888 904 905 910 911 920 942 952 4 10 36 62 97 115 126 154 189 205 243 556 687 707 772 781 782 785 789 791 792 793 799 800 803 807 820 827 832 835 836 844 846 851 857 858 860 877 879 880 890 897 901 902 903 906 908 914 915 921 922 923 924 925 930 931 933 934 938 944 948 950 951 955 956 957 963 966 972 973 974 976 981 992 993 1001 1003 1004 1005 1022 1023 1043 1055 1056 1065 1072 1074 1096 1119 47 889 907 912 913 919 943 945 946 947 953 961 975 977 978 982 983 995 996 1002 1013 1015 1016 1025 1029 1037 1048 1057 1064 1066 1073 1075 1090 1097 1098 1099 1100 1117 1118 1120 1126 1137 1148 1149 1150 1151 1159 1160 1173 1183 1201 1203 1213 1215 1216 1228 1229 1243 1253 1254 1304 1305 1027 1067 1103 1104 1122 1123 1202 1214 1217 1218 1278 1294 1325 1326 1355 1357 1367 1399 1138 1163 1364 
idea_1
365 437 525 165 230 251 275 295 392 420 450 457 474 481 527 530 570 582 583 604 645 666 13 15 22 56 57 58 71 92 104 113 123 128 145 168 200 204 224 231 232 242 254 276 280 281 296 297 304 310 312 335 345 346 360 368 373 374 379 385 394 403 439 448 455 456 463 480 482 483 492 496 505 507 514 520 526 535 545 549 552 573 576 585 591 605 614 619 625 636 637 638 640 641 651 657 659 660 673 674 695 696 702 719 727 743 775 802 814 823 1011 3 8 16 21 23 24 29 33 41 43 45 51 55 60 64 68 72 79 84 93 94 95 99 109 110 112 114 129 131 133 139 140 152 158 160 161 166 180 192 198 199 206 215 221 222 223 226 227 229 233 240 241 255 256 259 260 264 268 269 279 287 291 293 298 311 313 315 320 329 334 338 339 340 348 357 358 363 364 376 388 393 397 404 406 414 415 419 435 436 445 447 449 454 458 462 464 467 469 470 476 477 478 491 498 516 517 519 521 528 529 544 558 560 567 568 572 577 578 584 586 592 593 594 595 597 599 603 622 623 624 627 628 639 647 656 665 675 681 683 685 686 693 697 701 709 710 712 713 722 724 734 735 736 744 745 755 761 762 774 788 801 810 811 812 813 828 829 837 838 852 853 854 855 861 871 885 891 927 928 929 932 936 990 1000 1012 1033 1081 1115 1136 1241 1350 1 5 9 17 30 31 34 44 50 65 66 69 75 76 85 90 91 96 101 103 122 134 167 171 176 201 216 244 250 273 307 324 349 350 375 386 398 402 408 409 416 434 459 468 490 497 515 536 571 598 606 615 672 704 714 716 720 721 723 746 747 750 752 753 758 784 786 787 795 796 797 809 822 824 830 839 859 868 869 870 881 882 886 894 895 896 898 900 909 916 918 926 935 939 940 954 964 965 968 971 979 980 987 988 991 998 999 1009 1010 1017 1018 1020 1021 1032 1034 1035 1040 1041 1042 1052 1053 1054 1076 1079 1082 1083 1084 1093 1095 1124 1133 1146 1171 1172 1182 1226 1238 1239 1240 1252 1264 1276 1336 1389 1407 1562 1563 2 26 46 70 100 146 155 602 737 798 848 867 878 883 884 892 893 899 917 937 941 949 958 959 960 962 969 970 984 986 989 994 1006 1014 1024 1026 1030 1031 1046 1050 1051 1058 1062 1063 1069 1070 1071 1077 1078 1080 1088 1089 1091 1094 1105 1106 1116 1125 1129 1131 1132 1134 1135 1144 1147 1158 1168 1170 1178 1179 1189 1196 1197 1199 1200 1209 1210 1211 1227 1234 1235 1251 1261 1263 1265 1285 1292 1301 1303 1312 1321 1322 1351 1363 1379 1380 1381 1406 1408 1418 1421 1430 1431 1445 1447 1459 1460 1463 1470 1480 1491 1508 1517 1541 1545 1576 1586 1607 1631 1666 1669 1680 1704 1729 1732 1762 1775 1841 25 130 202 967 985 997 1007 1008 1019 1039 1044 1047 1049 1059 1060 1061 1068 1085 1087 1101 1108 1110 1111 1113 1114 1121 1127 1128 1130 1139 1140 1145 1153 1164 1169 1175 1177 1180 1181 1188 1198 1225 1236 1237 1247 1249 1250 1259 1260 1262 1267 1268 1275 1277 1279 1286 1293 1298 1299 1300 1302 1317 1319 1320 1323 1327 1328 1334 1335 1337 1344 1346 1347 1349 1352 1362 1366 1369 1375 1376 1377 1388 1394 1395 1414 1420 1428 1439 1446 1467 1468 1492 1493 1494 1501 1510 1520 1531 1534 1542 1543 1544 1548 1550 1551 1554 1561 1565 1566 1573 1575 1577 1595 1605 1606 1608 1610 1611 1620 1621 1632 1634 1642 1643 1644 1645 1667 1679 1682 1683 1685 1692 1693 1700 1702 1727 1742 1753 1757 1770 1772 1785 1797 1800 1814 1826 1832 1843 1860 1861 1881 1882 1893 1894 1896 1897 1898 1910 1923 1924 1951 1954 1965 1974 1975 1995 2012 274 1028 1036 1038 1045 1092 1102 1107 1109 1141 1142 1152 1154 1156 1157 1161 1162 1165 1167 1174 1184 1185 1186 1187 1190 1191 1193 1194 1205 1208 1212 1219 1220 1221 1224 1231 1242 1246 1248 1256 1257 1266 1269 1271 1272 1283 1290 1295 1297 1310 1311 1313 1318 1324 1331 1338 1339 1348 1353 1354 1356 1358 1360 1365 1368 1374 1378 1382 1386 1387 1390 1392 1393 1397 1398 1400 1402 1404 1405 1409 1410 1411 1412 1413 1419 1426 1427 1432 1433 1434 1435 1436 1437 1438 1440 1441 1442 1443 1444 1448 1456 1457 1458 1461 1462 1464 1466 1469 1471 1476 1477 1478 1481 1482 1486 1489 1490 1495 1497 1500 1502 1503 1505 1506 1507 1509 1519 1521 1528 1532 1536 1539 1546 1547 1552 1553 1564 1578 1590 1598 1600 1609 1623 1624 1630 1633 1636 1662 1671 1681 1684 1686 1691 1701 1703 1705 1713 1714 1715 1716 1728 1730 1731 1741 1743 1754 1755 1756 1758 1760 1761 1771 1773 1786 1799 1801 1802 1813 1816 1817 1830 1833 1842 1844 1862 1863 1879 1880 1907 1909 1919 1920 1935 1937 1938 1942 1950 1952 1953 1961 1963 1976 1978 1994 1996 1999 2000 2002 2003 2025 2038 2039 2049 2050 2069 2084 2085 2086 2098 2099 2102 2118 2120 2131 2132 2133 2134 2149 2150 2151 2152 2153 2161 2162 2166 2167 2174 2176 2193 2195 2197 2220 1086 1112 1143 1155 1166 1176 1192 1195 1204 1206 1207 1222 1223 1230 1232 1233 1244 1255 1258 1270 1273 1274 1280 1281 1282 1284 1288 1289 1291 1296 1306 1307 1308 1309 1314 1329 1333 1340 1341 1342 1345 1361 1370 1372 1373 1384 1391 1396 1401 1403 1415 1416 1417 1422 1424 1425 1429 1449 1450 1452 1455 1465 1472 1474 1475 1479 1483 1484 1485 1487 1488 1496 1499 1511 1513 1515 1516 1518 1522 1524 1526 1527 1529 1530 1533 1535 1537 1538 1549 1558 1559 1560 1567 1568 1569 1572 1574 1580 1581 1582 1583 1584 1585 1587 1588 1589 1591 1592 1594 1596 1597 1602 1603 1604 1612 1616 1617 1618 1622 1626 1628 1639 1640 1648 1653 1655 1656 1657 1658 1659 1660 1664 1665 1668 1670 1672 1673 1676 1678 1706 1708 1737 1738 1740 1747 1759 1764 1774 1777 1784 1831 1859 1864 1883 1895 1908 1911 1921 1922 1925 1936 1939 1940 1962 1964 1977 1979 1986 1988 1989 1997 1998 2001 2021 2023 2024 2037 2040 2047 2051 2052 2053 2060 2061 2070 2071 2087 2101 2119 2121 2135 2136 2163 2165 2168 2175 2178 2179 2189 2190 2191 2194 2196 2207 2208 2209 2210 2211 2212 2213 2221 2222 2223 2225 2226 2228 2241 2242 2243 2244 2245 2246 2247 2255 2266 2267 2268 2279 2282 2283 2284 2309 2310 2326 2335 2347 2348 2349 2366 2368 2384 2392 2393 2397 2434 2443 2757 1245 1287 1315 1316 1330 1332 1343 1359 1371 1383 1385 1423 1451 1453 1454 1473 1498 1504 1512 1514 1523 1525 1555 1556 1557 1570 1571 1579 1599 1601 1613 1614 1615 1619 1625 1627 1629 1635 1637 1638 1641 1646 1649 1650 1651 1652 1654 1661 1675 1677 1688 1690 1695 1697 1698 1699 1707 1709 1710 1711 1712 1717 1718 1719 1722 1723 1724 1725 1726 1734 1735 1736 1739 1744 1745 1746 1748 1749 1750 1751 1752 1763 1765 1766 1768 1769 1778 1779 1781 1782 1787 1791 1792 1793 1795 1803 1804 1806 1807 1810 1811 1815 1819 1820 1821 1822 1828 1837 1846 1849 1851 1853 1854 1866 1871 1884 1885 1888 1891 1892 1904 1933 1941 1958 1987 2033 2041 2059 2081 2083 2093 2094 2112 2114 2127 2129 2137 2142 2173 2177 2192 2224 2227 2230 2232 2248 2249 2254 2265 2269 2270 2280 2281 2297 2311 2312 2323 2324 2325 2346 2350 2351 2362 2363 2364 2365 2367 2379 2383 2394 2395 2396 2412 2413 2422 2423 2432 2433 2435 2444 2445 2446 2447 2459 2460 2461 2463 2464 2465 2466 2467 2479 2480 2481 2484 2485 2486 2487 2488 2500 2502 2504 2505 2506 2507 2518 2522 2535 2538 2541 2542 2543 2563 2566 2577 2579 2591 2596 2606 2629 2684 2687 2730 2793 2840 2851 2909 2926 2928 2939 1540 1593 1647 1663 1674 1687 1689 1694 1696 1720 1721 1733 1767 1776 1780 1783 1788 1789 1790 1794 1796 1805 1808 1809 1812 1818 1823 1824 1825 1827 1829 1834 1835 1836 1838 1839 1840 1845 1847 1848 1850 1852 1855 1856 1857 1865 1867 1868 1870 1872 1873 1874 1875 1876 1877 1878 1886 1887 1889 1890 1900 1901 1902 1903 1905 1906 1912 1913 1914 1915 1916 1917 1926 1929 1930 1931 1943 1945 1946 1947 1949 1955 1956 1957 1959 1960 1966 1967 1969 1971 1980 1981 1982 1984 1985 1991 1992 2004 2006 2007 2008 2015 2016 2018 2020 2028 2029 2034 2036 2048 2056 2058 2064 2075 2076 2090 2100 2105 2107 2109 2110 2115 2124 2147 2148 2160 2170 2172 2184 2186 2204 2206 2214 2217 2219 2233 2234 2235 2236 2237 2238 2239 2252 2256 2257 2264 2275 2277 2292 2308 2319 2327 2331 2333 2341 2375 2381 2382 2414 2442 2448 2449 2453 2458 2462 2478 2482 2483 2498 2499 2501 2512 2515 2517 2519 2520 2521 2529 2536 2537 2539 2540 2544 2555 2556 2562 2564 2565 2573 2575 2576 2578 2592 2593 2594 2595 2602 2604 2605 2614 2615 2617 2626 2630 2637 2638 2640 2641 2652 2653 2654 2655 2657 2658 2666 2668 2669 2670 2671 2672 2673 2674 2690 2693 2708 2709 2710 2722 2723 2726 2731 2732 2743 2744 2745 2746 2759 2760 2762 2763 2764 2777 2795 2809 2823 2825 2826 2839 2842 2847 2849 2852 2872 2889 2891 2893 2908 2966 2980 2982 3008 3009 3011 3021 3022 3036 3038 3039 3054 3092 1858 1869 1899 1918 1927 1928 1932 1934 1944 1948 1968 1970 1972 1973 1983 1990 1993 2005 2009 2010 2011 2013 2014 2017 2019 2022 2026 2027 2030 2031 2035 2042 2043 2044 2045 2046 2054 2055 2057 2062 2065 2066 2067 2068 2072 2073 2074 2077 2078 2079 2080 2082 2088 2089 2091 2092 2095 2096 2097 2103 2104 2106 2111 2113 2116 2123 2125 2128 2130 2138 2145 2154 2155 2156 2157 2158 2159 2171 2180 2182 2187 2188 2201 2205 2215 2218 2240 2253 2259 2260 2261 2262 2263 2271 2276 2278 2289 2290 2291 2293 2294 2296 2302 2303 2306 2307 2315 2316 2317 2318 2320 2321 2328 2329 2330 2337 2342 2343 2344 2355 2360 2361 2371 2372 2376 2377 2378 2390 2408 2410 2418 2419 2421 2426 2429 2431 2452 2454 2456 2457 2472 2492 2493 2496 2497 2503 2511 2513 2516 2530 2546 2550 2552 2554 2559 2570 2572 2574 2586 2588 2600 2601 2603 2616 2619 2620 2623 2627 2628 2634 2656 2667 2685 2686 2688 2689 2691 2703 2720 2721 2724 2725 2727 2728 2729 2749 2754 2758 2761 2773 2778 2779 2780 2789 2790 2791 2792 2794 2801 2807 2808 2822 2824 2827 2828 2838 2843 2844 2848 2853 2854 2855 2856 2862 2864 2869 2870 2871 2873 2874 2875 2876 2886 2890 2894 2895 2896 2901 2904 2910 2912 2913 2920 2921 2923 2927 2929 2930 2941 2943 2944 2945 2946 2948 2949 2950 2958 2962 2964 2965 2967 2968 2976 2981 2983 2984 2985 2986 3000 3001 3002 3003 3012 3020 3025 3027 3037 3040 3041 3045 3056 3059 3070 3071 3074 3079 3080 3081 3082 3090 3095 3097 3102 3108 3124 3135 3139 3141 3143 3144 3161 3173 3176 3188 3224 3240 3242 3681 2032 2063 2108 2117 2122 2139 2140 2141 2143 2144 2146 2169 2183 2185 2198 2199 2200 2202 2216 2229 2231 2250 2258 2272 2273 2274 2285 2287 2288 2298 2300 2301 2304 2305 2313 2314 2322 2332 2334 2336 2339 2345 2353 2356 2357 2358 2359 2369 2370 2374 2380 2385 2386 2388 2389 2391 2398 2399 2402 2404 2406 2407 2409 2411 2415 2425 2427 2428 2430 2436 2438 2439 2440 2441 2455 2471 2474 2475 2476 2477 2490 2491 2494 2495 2514 2524 2525 2527 2528 2531 2532 2534 2545 2548 2549 2551 2553 2560 2561 2567 2568 2581 2583 2584 2585 2590 2597 2599 2608 2610 2612 2613 2621 2622 2624 2625 2632 2633 2635 2636 2639 2643 2644 2647 2650 2651 2660 2661 2662 2663 2664 2665 2675 2676 2681 2683 2692 2696 2698 2700 2701 2704 2705 2706 2707 2713 2718 2736 2739 2740 2741 2742 2748 2752 2756 2774 2775 2776 2784 2785 2786 2788 2802 2803 2804 2805 2806 2810 2814 2815 2817 2818 2819 2820 2833 2834 2837 2841 2850 2860 2861 2863 2865 2878 2887 2892 2905 2906 2907 2911 2919 2922 2931 2937 2940 2942 2947 2960 2961 2963 2969 2978 2997 2998 3006 3010 3018 3019 3023 3024 3026 3028 3035 3042 3043 3044 3053 3055 3057 3058 3060 3063 3064 3068 3069 3072 3073 3078 3083 3084 3091 3094 3096 3098 3100 3101 3103 3104 3105 3107 3109 3110 3111 3112 3113 3117 3118 3120 3122 3123 3125 3126 3136 3140 3142 3145 3146 3147 3155 3157 3159 3160 3163 3165 3170 3172 3175 3177 3178 3179 3180 3187 3189 3191 3192 3193 3194 3195 3196 3198 3202 3204 3206 3207 3208 3209 3220 3226 3230 3234 3238 3239 3241 3243 3255 3256 3257 3258 3259 3263 3264 3265 3268 3269 3270 3271 3272 3273 3280 3282 3293 3296 3297 3308 3311 3322 3324 3326 3340 3342 3362 3365 3379 3383 3399 3515 3530 3550 3600 3623 3652 3805 3806 2126 2181 2203 2251 2286 2295 2299 2338 2340 2352 2354 2373 2387 2400 2401 2403 2405 2416 2417 2420 2424 2450 2451 2468 2469 2470 2473 2489 2508 2509 2510 2523 2526 2533 2547 2558 2569 2571 2580 2582 2587 2589 2598 2609 2611 2618 2631 2642 2645 2646 2648 2649 2659 2677 2678 2679 2680 2682 2694 2697 2699 2702 2711 2712 2714 2715 2717 2719 2733 2734 2735 2738 2747 2750 2751 2755 2765 2766 2768 2769 2770 2771 2772 2781 2782 2783 2787 2798 2800 2811 2812 2816 2821 2829 2835 2846 2857 2859 2866 2867 2868 2879 2882 2885 2902 2903 2918 2924 2925 2938 2951 2952 2953 2954 2955 2959 2973 2977 2979 2999 3007 3015 3065 3066 3077 3089 3093 3106 3116 3119 3121 3133 3134 3138 3148 3154 3158 3162 3164 3167 3169 3171 3183 3190 3197 3203 3205 3211 3218 3219 3221 3222 3223 3225 3227 3231 3232 3233 3235 3237 3244 3252 3254 3266 3267 3274 3277 3279 3289 3290 3291 3294 3295 3298 3303 3306 3307 3309 3310 3312 3313 3314 3315 3316 3320 3321 3325 3327 3338 3341 3343 3344 3345 3350 3359 3360 3361 3363 3364 3366 3367 3375 3380 3381 3382 3384 3392 3395 3396 3397 3398 3400 3401 3402 3403 3404 3411 3416 3419 3420 3421 3426 3429 3430 3431 3433 3441 3442 3448 3450 3451 3452 3453 3461 3463 3464 3475 3490 3492 3493 3495 3496 3497 3512 3513 3514 3516 3524 3529 3532 3534 3535 3551 3552 3560 3562 3570 3578 3579 3581 3617 3621 3638 3653 3656 3685 3699 3701 3716 3743 3751 3752 3763 3764 3765 3767 3792 3835 3851 3937 3958 2437 2557 2607 2695 2716 2737 2767 2796 2797 2799 2813 2830 2832 2836 2845 2858 2880 2881 2883 2884 2888 2897 2898 2899 2900 2915 2917 2932 2934 2935 2936 2957 2970 2971 2974 2988 2991 2992 2993 3005 3013 3014 3016 3029 3031 3032 3033 3034 3046 3048 3051 3052 3067 3075 3086 3127 3130 3132 3137 3156 3174 3186 3201 3236 3247 3248 3250 3253 3275 3278 3281 3283 3285 3287 3288 3292 3299 3301 3302 3304 3305 3318 3319 3323 3328 3331 3336 3337 3339 3346 3354 3355 3356 3357 3358 3368 3373 3376 3377 3378 3391 3393 3394 3405 3410 3413 3414 3415 3417 3418 3425 3427 3428 3432 3436 3439 3440 3443 3445 3446 3447 3449 3454 3457 3458 3462 3466 3470 3471 3473 3474 3480 3481 3487 3491 3494 3500 3505 3507 3510 3511 3519 3522 3523 3528 3531 3537 3545 3548 3553 3554 3557 3561 3563 3564 3565 3567 3568 3569 3571 3572 3577 3583 3584 3586 3597 3598 3599 3601 3602 3604 3606 3607 3618 3619 3620 3635 3637 3639 3640 3641 3651 3654 3666 3667 3668 3671 3679 3684 3690 3698 3700 3706 3712 3713 3717 3718 3719 3740 3741 3753 3766 3768 3773 3776 3793 3795 3807 3818 3821 3823 3837 3838 3841 3850 3852 3853 3856 3877 3878 3880 3881 3893 3906 3910 3935 3973 3974 3976 4014 2831 2877 2914 2916 2933 2956 2972 2975 2987 2989 2990 2994 2995 2996 3004 3017 3030 3047 3049 3050 3061 3062 3076 3085 3087 3088 3099 3115 3128 3129 3131 3150 3151 3152 3153 3166 3168 3181 3182 3184 3185 3199 3200 3210 3212 3214 3215 3216 3228 3229 3249 3260 3261 3262 3276 3284 3300 3329 3332 3333 3334 3347 3348 3349 3351 3352 3353 3369 3370 3372 3374 3385 3386 3387 3388 3389 3390 3406 3408 3409 3412 3422 3424 3434 3437 3438 3444 3456 3459 3460 3467 3468 3469 3472 3476 3477 3478 3479 3482 3485 3486 3489 3498 3501 3502 3503 3506 3508 3509 3520 3521 3525 3527 3533 3536 3540 3541 3544 3546 3555 3556 3558 3566 3574 3575 3576 3580 3582 3585 3587 3590 3592 3594 3596 3603 3608 3610 3612 3613 3616 3622 3626 3629 3630 3631 3632 3633 3634 3636 3642 3643 3650 3658 3660 3661 3663 3664 3665 3669 3670 3672 3674 3678 3680 3682 3683 3691 3692 3693 3694 3695 3696 3697 3702 3703 3705 3715 3720 3722 3724 3725 3726 3727 3728 3729 3730 3731 3732 3738 3739 3742 3748 3749 3750 3754 3755 3756 3762 3769 3770 3771 3775 3785 3786 3791 3797 3802 3803 3804 3809 3814 3832 3834 3836 3839 3840 3848 3849 3860 3863 3864 3865 3867 3872 3873 3874 3876 3879 3888 3894 3895 3896 3898 3899 3911 3912 3919 3920 3923 3924 3925 3926 3928 3936 3938 3939 3940 3941 3959 3960 3961 3963 3978 3979 3981 3982 3984 3995 3996 3999 4015 3114 3149 3213 3217 3245 3246 3251 3286 3317 3335 3371 3407 3423 3435 3455 3465 3483 3488 3504 3517 3518 3526 3538 3539 3542 3543 3547 3559 3589 3591 3593 3595 3605 3609 3611 3614 3615 3624 3625 3627 3628 3644 3645 3646 3647 3648 3649 3655 3657 3659 3662 3673 3676 3677 3686 3687 3688 3689 3704 3707 3708 3709 3710 3711 3714 3721 3723 3733 3734 3735 3736 3744 3745 3747 3760 3761 3772 3774 3777 3780 3782 3783 3784 3787 3788 3790 3796 3798 3799 3808 3811 3813 3816 3817 3819 3820 3822 3824 3828 3831 3842 3847 3854 3855 3861 3862 3866 3868 3869 3875 3884 3885 3886 3887 3889 3890 3891 3892 3897 3908 3909 3914 3915 3918 3921 3927 3932 3933 3934 3942 3944 3946 3947 3948 3951 3954 3955 3956 3957 3962 3966 3969 3971 3975 3977 3980 3986 3987 3989 3991 3993 3994 3997 3998 4000 4004 4007 4010 4011 4012 4013 4016 4017 4018 4020 3484 3499 3549 3588 3737 3746 3758 3759 3778 3779 3781 3789 3800 3801 3810 3812 3815 3825 3826 3827 3829 3830 3833 3843 3844 3845 3846 3857 3859 3870 3871 3882 3903 3904 3905 3913 3917 3922 3929 3930 3943 3945 3949 3950 3952 3953 3968 3970 3972 3988 3990 4001 4002 4006 4008 4009 4019 3573 3858 3883 3900 3901 3902 3907 3931 3964 3965 3967 3983 3985 4003 4005 

